1 2
1 3
2 3
1 4
2 4
3 4
1 5
2 5
3 5
2 6
3 7
4 8
5 9
3 10
7 10
2 11
6 11
6 12
11 12
4 13
8 13
6 14
11 14
12 14
1 15
3 15
4 15
7 15
8 15
13 15
1 16
2 16
4 16
13 16
3 17
7 17
10 17
15 17
10 18
8 19
13 19
8 20
15 20
19 20
9 21
12 22
14 22
12 23
14 23
22 23
8 24
19 24
20 24
2 25
5 25
6 25
12 25
22 25
5 26
9 26
25 26
10 27
18 27
14 28
23 28
16 29
18 30
27 30
19 31
24 31
21 32
23 33
28 33
11 34
14 34
1 35
2 35
6 35
11 35
34 35
9 36
21 36
25 36
26 36
7 37
10 37
17 37
18 37
22 38
23 38
33 38
18 39
27 39
30 39
13 40
19 40
24 41
31 41
36 42
30 43
33 44
38 44
33 45
44 45
39 46
43 46
45 47
31 48
41 49
28 50
31 51
41 51
49 51
32 52
28 53
33 53
45 53
47 53
18 54
39 54
46 54
52 58
56 58
14 59
28 59
34 59
50 59
45 60
38 61
48 62
47 63
43 64
49 65
51 65
57 65
55 66
26 67
36 67
42 67
42 68
20 69
24 69
37 69
41 69
12 70
22 70
25 70
26 70
36 70
67 70
18 71
27 71
30 71
39 71
43 71
46 71
22 72
38 72
61 72
28 73
50 73
59 73
19 74
31 74
48 74
44 75
45 75
60 75
56 76
61 77
1 78
4 78
5 78
9 78
63 79
64 80
60 81
46 82
50 84
73 84
80 85
79 86
34 87
59 87
84 88
69 89
37 90
54 90
69 90
89 90
40 91
67 92
29 93
55 93
5 94
9 94
21 94
78 94
1 95
4 95
16 95
29 95
9 96
21 96
32 96
36 96
42 96
67 96
19 97
31 97
40 97
74 97
