1 1968
2 1547
3 1189
4 1159
5 759
6 1133
7 643
8 655
9 214
10 786
11 984
12 838
13 346
14 830
15 1355
16 208
17 909
18 580
19 409
20 530
21 125
22 385
23 531
24 332
25 590
26 320
27 347
28 410
29 54
30 326
31 239
32 69
33 372
34 512
35 734
36 141
37 352
38 190
39 377
40 126
41 254
42 98
43 307
44 217
45 152
46 99
47 142
48 79
49 113
50 165
51 140
52 60
53 337
54 175
55 38
56 18
57 39
58 31
59 326
60 54
61 47
62 27
63 43
64 122
65 85
66 16
67 37
68 18
69 116
70 74
71 391
72 94
73 214
74 133
75 107
76 8
77 15
78 88
79 15
80 20
81 8
82 39
83 16
84 60
85 6
86 4
87 44
88 9
89 26
90 30
91 18
92 10
93 43
94 46
95 27
96 106
97 154
